1694078491
1694078621
1694138927
1694139503
1694225728
1694312391
1694398740
1694485038
1694571524
1694657889
1694744403
1694830568
1694917179
1695003529
1695089996
1695176314
1695262676
1695349160
1695435368
1695521987
1695608400
1695694771
1695781160
1695867528
1695953961
1696040222
1696127088
1696213201
1696299582
1696386048
1696472536
1696558800
1696645076
1696731692
1696817983
1696904362
1696990773
1697077076
1697163818
1697249814
1697336525
1697422924
1697509244
1697595609
1697681988
1697768371
1697854621
1697941339
1698027653
1698114009
1698200360
1698286697
1698373103
1698459406
1698546061
1698632463
1698718830
1698805411
1698891578
1698978051
1699064363
1699150995
1699237447
1699323763
1699410090
1699496516
1699582909
1699671057
1699755861
1699842261
1699928575
1700015115
1700101569
1700187929
1700274237
1700360837
1700447194
1700533725
1700620104
1700706295
1700792611
1700878869
1700965565
1701051941
1701138406
1701224735
1701311174
1701397855
1701483683
1701570375
1701656822
1701743241
1701829582
1701915991
1702002415
1702088598
1702175256
1702261620
1702348037
